(kicad_pcb (version 20171130) (host pcbnew 5.1.9-73d0e3b20d~88~ubuntu18.04.1)

  (general
    (thickness 1)
    (drawings 7)
    (tracks 0)
    (zones 0)
    (modules 67)
    (nets 75)
  )

  (page A4)
  (layers
    (0 F.Cu signal)
    (31 B.Cu power)
    (32 B.Adhes user)
    (33 F.Adhes user)
    (34 B.Paste user)
    (35 F.Paste user)
    (36 B.SilkS user)
    (37 F.SilkS user)
    (38 B.Mask user)
    (39 F.Mask user)
    (40 Dwgs.User user)
    (41 Cmts.User user)
    (42 Eco1.User user)
    (43 Eco2.User user)
    (44 Edge.Cuts user)
    (45 Margin user)
    (46 B.CrtYd user)
    (47 F.CrtYd user)
    (48 B.Fab user)
    (49 F.Fab user)
  )

  (setup
    (last_trace_width 0.15)
    (user_trace_width 0.127)
    (user_trace_width 0.15)
    (user_trace_width 0.2)
    (user_trace_width 0.25)
    (user_trace_width 0.3)
    (user_trace_width 0.4)
    (user_trace_width 0.5)
    (user_trace_width 0.75)
    (user_trace_width 1)
    (trace_clearance 0.15)
    (zone_clearance 0.508)
    (zone_45_only no)
    (trace_min 0.127)
    (via_size 0.6)
    (via_drill 0.3)
    (via_min_size 0.6)
    (via_min_drill 0.3)
    (user_via 0.6 0.3)
    (user_via 0.7 0.4)
    (user_via 1 0.6)
    (uvia_size 0.3)
    (uvia_drill 0.1)
    (uvias_allowed no)
    (uvia_min_size 0.2)
    (uvia_min_drill 0.1)
    (edge_width 0.05)
    (segment_width 0.2)
    (pcb_text_width 0.3)
    (pcb_text_size 1.5 1.5)
    (mod_edge_width 0.15)
    (mod_text_size 0.8 0.9)
    (mod_text_width 0.15)
    (pad_size 1.524 1.524)
    (pad_drill 0.762)
    (pad_to_mask_clearance 0)
    (aux_axis_origin 0 0)
    (visible_elements FFFFFF7F)
    (pcbplotparams
      (layerselection 0x010fc_ffffffff)
      (usegerberextensions false)
      (usegerberattributes true)
      (usegerberadvancedattributes true)
      (creategerberjobfile true)
      (excludeedgelayer true)
      (linewidth 0.100000)
      (plotframeref false)
      (viasonmask false)
      (mode 1)
      (useauxorigin false)
      (hpglpennumber 1)
      (hpglpenspeed 20)
      (hpglpendiameter 15.000000)
      (psnegative false)
      (psa4output false)
      (plotreference true)
      (plotvalue true)
      (plotinvisibletext false)
      (padsonsilk false)
      (subtractmaskfromsilk false)
      (outputformat 1)
      (mirror false)
      (drillshape 1)
      (scaleselection 1)
      (outputdirectory ""))
  )

  (net 0 "")
  (net 1 GND)
  (net 2 VDD)
  (net 3 /STM_RST)
  (net 4 MCO)
  (net 5 +3V3)
  (net 6 "Net-(C109-Pad1)")
  (net 7 "Net-(D101-Pad2)")
  (net 8 ~DBGLEDn~)
  (net 9 "Net-(D102-Pad2)")
  (net 10 "Net-(D103-Pad1)")
  (net 11 VBUS)
  (net 12 +5V)
  (net 13 SWDIO)
  (net 14 SWCLK)
  (net 15 ~RESETn~)
  (net 16 DBGUART_TX)
  (net 17 DBGUART_RX)
  (net 18 FORCE_BL)
  (net 19 "Net-(J102-Pad2)")
  (net 20 "Net-(J103-Pad2)")
  (net 21 "Net-(J103-Pad11)")
  (net 22 "Net-(J103-Pad5)")
  (net 23 "Net-(J103-Pad3)")
  (net 24 "Net-(J104-Pad4)")
  (net 25 "Net-(J104-Pad3)")
  (net 26 "Net-(J104-Pad2)")
  (net 27 /STM_JTCK)
  (net 28 /STM_JTMS)
  (net 29 "Net-(JP101-Pad2)")
  (net 30 /PWR_EXT)
  (net 31 "Net-(Q101-Pad2)")
  (net 32 "Net-(Q101-Pad1)")
  (net 33 /BOOT0)
  (net 34 "Net-(R103-Pad1)")
  (net 35 "Net-(R104-Pad2)")
  (net 36 /AIN_1)
  (net 37 STLINK_TX)
  (net 38 STLINK_RX)
  (net 39 "Net-(R111-Pad1)")
  (net 40 /T_JTMS)
  (net 41 /T_SWDIO_IN)
  (net 42 /LED_STLINK)
  (net 43 /~USB_RENUMn~)
  (net 44 /USB_DM)
  (net 45 /USB_DP)
  (net 46 "Net-(U101-Pad46)")
  (net 47 "Net-(U101-Pad45)")
  (net 48 "Net-(U101-Pad43)")
  (net 49 "Net-(U101-Pad42)")
  (net 50 "Net-(U101-Pad41)")
  (net 51 "Net-(U101-Pad40)")
  (net 52 /T_SWO)
  (net 53 /PWR_ENn)
  (net 54 /T_JTCK)
  (net 55 "Net-(U101-Pad22)")
  (net 56 "Net-(U101-Pad19)")
  (net 57 /T_NRST)
  (net 58 /T_JTDI)
  (net 59 /T_JTDO)
  (net 60 "Net-(U101-Pad14)")
  (net 61 "Net-(U101-Pad11)")
  (net 62 /OSC_OUT)
  (net 63 /OSC_IN)
  (net 64 "Net-(U101-Pad4)")
  (net 65 "Net-(D105-Pad2)")
  (net 66 "Net-(D106-Pad2)")
  (net 67 "Net-(D107-Pad2)")
  (net 68 /SWO)
  (net 69 /ST_OE)
  (net 70 "Net-(R108-Pad1)")
  (net 71 "Net-(R109-Pad1)")
  (net 72 "Net-(R125-Pad1)")
  (net 73 "Net-(U104-Pad10)")
  (net 74 "Net-(U104-Pad9)")

  (net_class Default "This is the default net class."
    (clearance 0.15)
    (trace_width 0.15)
    (via_dia 0.6)
    (via_drill 0.3)
    (uvia_dia 0.3)
    (uvia_drill 0.1)
    (add_net +3V3)
    (add_net +5V)
    (add_net /AIN_1)
    (add_net /BOOT0)
    (add_net /LED_STLINK)
    (add_net /OSC_IN)
    (add_net /OSC_OUT)
    (add_net /PWR_ENn)
    (add_net /PWR_EXT)
    (add_net /STM_JTCK)
    (add_net /STM_JTMS)
    (add_net /STM_RST)
    (add_net /ST_OE)
    (add_net /SWO)
    (add_net /T_JTCK)
    (add_net /T_JTDI)
    (add_net /T_JTDO)
    (add_net /T_JTMS)
    (add_net /T_NRST)
    (add_net /T_SWDIO_IN)
    (add_net /T_SWO)
    (add_net /USB_DM)
    (add_net /USB_DP)
    (add_net /~USB_RENUMn~)
    (add_net DBGUART_RX)
    (add_net DBGUART_TX)
    (add_net FORCE_BL)
    (add_net GND)
    (add_net MCO)
    (add_net "Net-(C109-Pad1)")
    (add_net "Net-(D101-Pad2)")
    (add_net "Net-(D102-Pad2)")
    (add_net "Net-(D103-Pad1)")
    (add_net "Net-(D105-Pad2)")
    (add_net "Net-(D106-Pad2)")
    (add_net "Net-(D107-Pad2)")
    (add_net "Net-(J102-Pad2)")
    (add_net "Net-(J103-Pad11)")
    (add_net "Net-(J103-Pad2)")
    (add_net "Net-(J103-Pad3)")
    (add_net "Net-(J103-Pad5)")
    (add_net "Net-(J104-Pad2)")
    (add_net "Net-(J104-Pad3)")
    (add_net "Net-(J104-Pad4)")
    (add_net "Net-(JP101-Pad2)")
    (add_net "Net-(Q101-Pad1)")
    (add_net "Net-(Q101-Pad2)")
    (add_net "Net-(R103-Pad1)")
    (add_net "Net-(R104-Pad2)")
    (add_net "Net-(R108-Pad1)")
    (add_net "Net-(R109-Pad1)")
    (add_net "Net-(R111-Pad1)")
    (add_net "Net-(R125-Pad1)")
    (add_net "Net-(U101-Pad11)")
    (add_net "Net-(U101-Pad14)")
    (add_net "Net-(U101-Pad19)")
    (add_net "Net-(U101-Pad22)")
    (add_net "Net-(U101-Pad4)")
    (add_net "Net-(U101-Pad40)")
    (add_net "Net-(U101-Pad41)")
    (add_net "Net-(U101-Pad42)")
    (add_net "Net-(U101-Pad43)")
    (add_net "Net-(U101-Pad45)")
    (add_net "Net-(U101-Pad46)")
    (add_net "Net-(U104-Pad10)")
    (add_net "Net-(U104-Pad9)")
    (add_net STLINK_RX)
    (add_net STLINK_TX)
    (add_net SWCLK)
    (add_net SWDIO)
    (add_net VBUS)
    (add_net VDD)
    (add_net ~DBGLEDn~)
    (add_net ~RESETn~)
  )

  (module Resistor_SMD:R_0402_1005Metric (layer F.Cu) (tedit 5F68FEEE) (tstamp 5FF86C7D)
    (at 141.9 103.2)
    (descr "Resistor SMD 0402 (1005 Metric), square (rectangular) end terminal, IPC_7351 nominal, (Body size source: IPC-SM-782 page 72, https://www.pcb-3d.com/wordpress/wp-content/uploads/ipc-sm-782a_amendment_1_and_2.pdf), generated with kicad-footprint-generator")
    (tags resistor)
    (path /60649F0C)
    (attr smd)
    (fp_text reference R132 (at 0 -1.17) (layer F.SilkS)
      (effects (font (size 1 1) (thickness 0.15)))
    )
    (fp_text value 100k (at 0 1.17) (layer F.Fab)
      (effects (font (size 1 1) (thickness 0.15)))
    )
    (fp_line (start -0.525 0.27) (end -0.525 -0.27) (layer F.Fab) (width 0.1))
    (fp_line (start -0.525 -0.27) (end 0.525 -0.27) (layer F.Fab) (width 0.1))
    (fp_line (start 0.525 -0.27) (end 0.525 0.27) (layer F.Fab) (width 0.1))
    (fp_line (start 0.525 0.27) (end -0.525 0.27) (layer F.Fab) (width 0.1))
    (fp_line (start -0.153641 -0.38) (end 0.153641 -0.38) (layer F.SilkS) (width 0.12))
    (fp_line (start -0.153641 0.38) (end 0.153641 0.38) (layer F.SilkS) (width 0.12))
    (fp_line (start -0.93 0.47) (end -0.93 -0.47) (layer F.CrtYd) (width 0.05))
    (fp_line (start -0.93 -0.47) (end 0.93 -0.47) (layer F.CrtYd) (width 0.05))
    (fp_line (start 0.93 -0.47) (end 0.93 0.47) (layer F.CrtYd) (width 0.05))
    (fp_line (start 0.93 0.47) (end -0.93 0.47) (layer F.CrtYd) (width 0.05))
    (fp_text user %R (at 0 0) (layer F.Fab)
      (effects (font (size 0.26 0.26) (thickness 0.04)))
    )
    (pad 2 smd roundrect (at 0.51 0) (size 0.54 0.64) (layers F.Cu F.Paste F.Mask) (roundrect_rratio 0.25)
      (net 69 /ST_OE))
    (pad 1 smd roundrect (at -0.51 0) (size 0.54 0.64) (layers F.Cu F.Paste F.Mask) (roundrect_rratio 0.25)
      (net 1 GND))
    (model ${KISYS3DMOD}/Resistor_SMD.3dshapes/R_0402_1005Metric.wrl
      (at (xyz 0 0 0))
      (scale (xyz 1 1 1))
      (rotate (xyz 0 0 0))
    )
  )

  (module Package_SO:TSSOP-20_4.4x6.5mm_P0.65mm (layer F.Cu) (tedit 5E476F32) (tstamp 5FF8571D)
    (at 128.28 94.03)
    (descr "TSSOP, 20 Pin (JEDEC MO-153 Var AC https://www.jedec.org/document_search?search_api_views_fulltext=MO-153), generated with kicad-footprint-generator ipc_gullwing_generator.py")
    (tags "TSSOP SO")
    (path /5FFBA51D)
    (attr smd)
    (fp_text reference U104 (at 0 -4.2) (layer F.SilkS)
      (effects (font (size 1 1) (thickness 0.15)))
    )
    (fp_text value TXB0108PWR (at 0 4.2) (layer F.Fab)
      (effects (font (size 1 1) (thickness 0.15)))
    )
    (fp_line (start 3.85 -3.5) (end -3.85 -3.5) (layer F.CrtYd) (width 0.05))
    (fp_line (start 3.85 3.5) (end 3.85 -3.5) (layer F.CrtYd) (width 0.05))
    (fp_line (start -3.85 3.5) (end 3.85 3.5) (layer F.CrtYd) (width 0.05))
    (fp_line (start -3.85 -3.5) (end -3.85 3.5) (layer F.CrtYd) (width 0.05))
    (fp_line (start -2.2 -2.25) (end -1.2 -3.25) (layer F.Fab) (width 0.1))
    (fp_line (start -2.2 3.25) (end -2.2 -2.25) (layer F.Fab) (width 0.1))
    (fp_line (start 2.2 3.25) (end -2.2 3.25) (layer F.Fab) (width 0.1))
    (fp_line (start 2.2 -3.25) (end 2.2 3.25) (layer F.Fab) (width 0.1))
    (fp_line (start -1.2 -3.25) (end 2.2 -3.25) (layer F.Fab) (width 0.1))
    (fp_line (start 0 -3.385) (end -3.6 -3.385) (layer F.SilkS) (width 0.12))
    (fp_line (start 0 -3.385) (end 2.2 -3.385) (layer F.SilkS) (width 0.12))
    (fp_line (start 0 3.385) (end -2.2 3.385) (layer F.SilkS) (width 0.12))
    (fp_line (start 0 3.385) (end 2.2 3.385) (layer F.SilkS) (width 0.12))
    (fp_text user %R (at 0 0) (layer F.Fab)
      (effects (font (size 1 1) (thickness 0.15)))
    )
    (pad 20 smd roundrect (at 2.8625 -2.925) (size 1.475 0.4) (layers F.Cu F.Paste F.Mask) (roundrect_rratio 0.25)
      (net 54 /T_JTCK))
    (pad 19 smd roundrect (at 2.8625 -2.275) (size 1.475 0.4) (layers F.Cu F.Paste F.Mask) (roundrect_rratio 0.25)
      (net 40 /T_JTMS))
    (pad 18 smd roundrect (at 2.8625 -1.625) (size 1.475 0.4) (layers F.Cu F.Paste F.Mask) (roundrect_rratio 0.25)
      (net 37 STLINK_TX))
    (pad 17 smd roundrect (at 2.8625 -0.975) (size 1.475 0.4) (layers F.Cu F.Paste F.Mask) (roundrect_rratio 0.25)
      (net 38 STLINK_RX))
    (pad 16 smd roundrect (at 2.8625 -0.325) (size 1.475 0.4) (layers F.Cu F.Paste F.Mask) (roundrect_rratio 0.25)
      (net 5 +3V3))
    (pad 15 smd roundrect (at 2.8625 0.325) (size 1.475 0.4) (layers F.Cu F.Paste F.Mask) (roundrect_rratio 0.25)
      (net 1 GND))
    (pad 14 smd roundrect (at 2.8625 0.975) (size 1.475 0.4) (layers F.Cu F.Paste F.Mask) (roundrect_rratio 0.25)
      (net 57 /T_NRST))
    (pad 13 smd roundrect (at 2.8625 1.625) (size 1.475 0.4) (layers F.Cu F.Paste F.Mask) (roundrect_rratio 0.25)
      (net 52 /T_SWO))
    (pad 12 smd roundrect (at 2.8625 2.275) (size 1.475 0.4) (layers F.Cu F.Paste F.Mask) (roundrect_rratio 0.25)
      (net 71 "Net-(R109-Pad1)"))
    (pad 11 smd roundrect (at 2.8625 2.925) (size 1.475 0.4) (layers F.Cu F.Paste F.Mask) (roundrect_rratio 0.25)
      (net 72 "Net-(R125-Pad1)"))
    (pad 10 smd roundrect (at -2.8625 2.925) (size 1.475 0.4) (layers F.Cu F.Paste F.Mask) (roundrect_rratio 0.25)
      (net 73 "Net-(U104-Pad10)"))
    (pad 9 smd roundrect (at -2.8625 2.275) (size 1.475 0.4) (layers F.Cu F.Paste F.Mask) (roundrect_rratio 0.25)
      (net 74 "Net-(U104-Pad9)"))
    (pad 8 smd roundrect (at -2.8625 1.625) (size 1.475 0.4) (layers F.Cu F.Paste F.Mask) (roundrect_rratio 0.25)
      (net 68 /SWO))
    (pad 7 smd roundrect (at -2.8625 0.975) (size 1.475 0.4) (layers F.Cu F.Paste F.Mask) (roundrect_rratio 0.25)
      (net 15 ~RESETn~))
    (pad 6 smd roundrect (at -2.8625 0.325) (size 1.475 0.4) (layers F.Cu F.Paste F.Mask) (roundrect_rratio 0.25)
      (net 69 /ST_OE))
    (pad 5 smd roundrect (at -2.8625 -0.325) (size 1.475 0.4) (layers F.Cu F.Paste F.Mask) (roundrect_rratio 0.25)
      (net 2 VDD))
    (pad 4 smd roundrect (at -2.8625 -0.975) (size 1.475 0.4) (layers F.Cu F.Paste F.Mask) (roundrect_rratio 0.25)
      (net 16 DBGUART_TX))
    (pad 3 smd roundrect (at -2.8625 -1.625) (size 1.475 0.4) (layers F.Cu F.Paste F.Mask) (roundrect_rratio 0.25)
      (net 70 "Net-(R108-Pad1)"))
    (pad 2 smd roundrect (at -2.8625 -2.275) (size 1.475 0.4) (layers F.Cu F.Paste F.Mask) (roundrect_rratio 0.25)
      (net 13 SWDIO))
    (pad 1 smd roundrect (at -2.8625 -2.925) (size 1.475 0.4) (layers F.Cu F.Paste F.Mask) (roundrect_rratio 0.25)
      (net 14 SWCLK))
    (model ${KISYS3DMOD}/Package_SO.3dshapes/TSSOP-20_4.4x6.5mm_P0.65mm.wrl
      (at (xyz 0 0 0))
      (scale (xyz 1 1 1))
      (rotate (xyz 0 0 0))
    )
  )

  (module Resistor_SMD:R_0402_1005Metric (layer F.Cu) (tedit 5F68FEEE) (tstamp 5FF855B3)
    (at 141.67 99.56)
    (descr "Resistor SMD 0402 (1005 Metric), square (rectangular) end terminal, IPC_7351 nominal, (Body size source: IPC-SM-782 page 72, https://www.pcb-3d.com/wordpress/wp-content/uploads/ipc-sm-782a_amendment_1_and_2.pdf), generated with kicad-footprint-generator")
    (tags resistor)
    (path /60567A4F)
    (attr smd)
    (fp_text reference R131 (at 0 -1.17) (layer F.SilkS)
      (effects (font (size 1 1) (thickness 0.15)))
    )
    (fp_text value 100k (at 0 1.17) (layer F.Fab)
      (effects (font (size 1 1) (thickness 0.15)))
    )
    (fp_line (start 0.93 0.47) (end -0.93 0.47) (layer F.CrtYd) (width 0.05))
    (fp_line (start 0.93 -0.47) (end 0.93 0.47) (layer F.CrtYd) (width 0.05))
    (fp_line (start -0.93 -0.47) (end 0.93 -0.47) (layer F.CrtYd) (width 0.05))
    (fp_line (start -0.93 0.47) (end -0.93 -0.47) (layer F.CrtYd) (width 0.05))
    (fp_line (start -0.153641 0.38) (end 0.153641 0.38) (layer F.SilkS) (width 0.12))
    (fp_line (start -0.153641 -0.38) (end 0.153641 -0.38) (layer F.SilkS) (width 0.12))
    (fp_line (start 0.525 0.27) (end -0.525 0.27) (layer F.Fab) (width 0.1))
    (fp_line (start 0.525 -0.27) (end 0.525 0.27) (layer F.Fab) (width 0.1))
    (fp_line (start -0.525 -0.27) (end 0.525 -0.27) (layer F.Fab) (width 0.1))
    (fp_line (start -0.525 0.27) (end -0.525 -0.27) (layer F.Fab) (width 0.1))
    (fp_text user %R (at 0 0) (layer F.Fab)
      (effects (font (size 0.26 0.26) (thickness 0.04)))
    )
    (pad 2 smd roundrect (at 0.51 0) (size 0.54 0.64) (layers F.Cu F.Paste F.Mask) (roundrect_rratio 0.25)
      (net 12 +5V))
    (pad 1 smd roundrect (at -0.51 0) (size 0.54 0.64) (layers F.Cu F.Paste F.Mask) (roundrect_rratio 0.25)
      (net 1 GND))
    (model ${KISYS3DMOD}/Resistor_SMD.3dshapes/R_0402_1005Metric.wrl
      (at (xyz 0 0 0))
      (scale (xyz 1 1 1))
      (rotate (xyz 0 0 0))
    )
  )

  (module Resistor_SMD:R_0603_1608Metric (layer F.Cu) (tedit 5F68FEEE) (tstamp 5FF855A2)
    (at 139.31 93.85)
    (descr "Resistor SMD 0603 (1608 Metric), square (rectangular) end terminal, IPC_7351 nominal, (Body size source: IPC-SM-782 page 72, https://www.pcb-3d.com/wordpress/wp-content/uploads/ipc-sm-782a_amendment_1_and_2.pdf), generated with kicad-footprint-generator")
    (tags resistor)
    (path /618FC714)
    (attr smd)
    (fp_text reference R130 (at 0 -1.43) (layer F.SilkS)
      (effects (font (size 1 1) (thickness 0.15)))
    )
    (fp_text value 2k7 (at 0 1.43) (layer F.Fab)
      (effects (font (size 1 1) (thickness 0.15)))
    )
    (fp_line (start 1.48 0.73) (end -1.48 0.73) (layer F.CrtYd) (width 0.05))
    (fp_line (start 1.48 -0.73) (end 1.48 0.73) (layer F.CrtYd) (width 0.05))
    (fp_line (start -1.48 -0.73) (end 1.48 -0.73) (layer F.CrtYd) (width 0.05))
    (fp_line (start -1.48 0.73) (end -1.48 -0.73) (layer F.CrtYd) (width 0.05))
    (fp_line (start -0.237258 0.5225) (end 0.237258 0.5225) (layer F.SilkS) (width 0.12))
    (fp_line (start -0.237258 -0.5225) (end 0.237258 -0.5225) (layer F.SilkS) (width 0.12))
    (fp_line (start 0.8 0.4125) (end -0.8 0.4125) (layer F.Fab) (width 0.1))
    (fp_line (start 0.8 -0.4125) (end 0.8 0.4125) (layer F.Fab) (width 0.1))
    (fp_line (start -0.8 -0.4125) (end 0.8 -0.4125) (layer F.Fab) (width 0.1))
    (fp_line (start -0.8 0.4125) (end -0.8 -0.4125) (layer F.Fab) (width 0.1))
    (fp_text user %R (at 0 0) (layer F.Fab)
      (effects (font (size 0.4 0.4) (thickness 0.06)))
    )
    (pad 2 smd roundrect (at 0.825 0) (size 0.8 0.95) (layers F.Cu F.Paste F.Mask) (roundrect_rratio 0.25)
      (net 12 +5V))
    (pad 1 smd roundrect (at -0.825 0) (size 0.8 0.95) (layers F.Cu F.Paste F.Mask) (roundrect_rratio 0.25)
      (net 65 "Net-(D105-Pad2)"))
    (model ${KISYS3DMOD}/Resistor_SMD.3dshapes/R_0603_1608Metric.wrl
      (at (xyz 0 0 0))
      (scale (xyz 1 1 1))
      (rotate (xyz 0 0 0))
    )
  )

  (module Resistor_SMD:R_0402_1005Metric (layer F.Cu) (tedit 5F68FEEE) (tstamp 5FF85591)
    (at 141.67 97.57)
    (descr "Resistor SMD 0402 (1005 Metric), square (rectangular) end terminal, IPC_7351 nominal, (Body size source: IPC-SM-782 page 72, https://www.pcb-3d.com/wordpress/wp-content/uploads/ipc-sm-782a_amendment_1_and_2.pdf), generated with kicad-footprint-generator")
    (tags resistor)
    (path /60509303)
    (attr smd)
    (fp_text reference R129 (at 0 -1.17) (layer F.SilkS)
      (effects (font (size 1 1) (thickness 0.15)))
    )
    (fp_text value 10k (at 0 1.17) (layer F.Fab)
      (effects (font (size 1 1) (thickness 0.15)))
    )
    (fp_line (start 0.93 0.47) (end -0.93 0.47) (layer F.CrtYd) (width 0.05))
    (fp_line (start 0.93 -0.47) (end 0.93 0.47) (layer F.CrtYd) (width 0.05))
    (fp_line (start -0.93 -0.47) (end 0.93 -0.47) (layer F.CrtYd) (width 0.05))
    (fp_line (start -0.93 0.47) (end -0.93 -0.47) (layer F.CrtYd) (width 0.05))
    (fp_line (start -0.153641 0.38) (end 0.153641 0.38) (layer F.SilkS) (width 0.12))
    (fp_line (start -0.153641 -0.38) (end 0.153641 -0.38) (layer F.SilkS) (width 0.12))
    (fp_line (start 0.525 0.27) (end -0.525 0.27) (layer F.Fab) (width 0.1))
    (fp_line (start 0.525 -0.27) (end 0.525 0.27) (layer F.Fab) (width 0.1))
    (fp_line (start -0.525 -0.27) (end 0.525 -0.27) (layer F.Fab) (width 0.1))
    (fp_line (start -0.525 0.27) (end -0.525 -0.27) (layer F.Fab) (width 0.1))
    (fp_text user %R (at 0 0) (layer F.Fab)
      (effects (font (size 0.26 0.26) (thickness 0.04)))
    )
    (pad 2 smd roundrect (at 0.51 0) (size 0.54 0.64) (layers F.Cu F.Paste F.Mask) (roundrect_rratio 0.25)
      (net 69 /ST_OE))
    (pad 1 smd roundrect (at -0.51 0) (size 0.54 0.64) (layers F.Cu F.Paste F.Mask) (roundrect_rratio 0.25)
      (net 5 +3V3))
    (model ${KISYS3DMOD}/Resistor_SMD.3dshapes/R_0402_1005Metric.wrl
      (at (xyz 0 0 0))
      (scale (xyz 1 1 1))
      (rotate (xyz 0 0 0))
    )
  )

  (module Resistor_SMD:R_0402_1005Metric (layer F.Cu) (tedit 5F68FEEE) (tstamp 5FF85580)
    (at 138.56 100.08)
    (descr "Resistor SMD 0402 (1005 Metric), square (rectangular) end terminal, IPC_7351 nominal, (Body size source: IPC-SM-782 page 72, https://www.pcb-3d.com/wordpress/wp-content/uploads/ipc-sm-782a_amendment_1_and_2.pdf), generated with kicad-footprint-generator")
    (tags resistor)
    (path /61AEB4A6)
    (attr smd)
    (fp_text reference R128 (at 0 -1.17) (layer F.SilkS)
      (effects (font (size 1 1) (thickness 0.15)))
    )
    (fp_text value 100R (at 0 1.17) (layer F.Fab)
      (effects (font (size 1 1) (thickness 0.15)))
    )
    (fp_line (start 0.93 0.47) (end -0.93 0.47) (layer F.CrtYd) (width 0.05))
    (fp_line (start 0.93 -0.47) (end 0.93 0.47) (layer F.CrtYd) (width 0.05))
    (fp_line (start -0.93 -0.47) (end 0.93 -0.47) (layer F.CrtYd) (width 0.05))
    (fp_line (start -0.93 0.47) (end -0.93 -0.47) (layer F.CrtYd) (width 0.05))
    (fp_line (start -0.153641 0.38) (end 0.153641 0.38) (layer F.SilkS) (width 0.12))
    (fp_line (start -0.153641 -0.38) (end 0.153641 -0.38) (layer F.SilkS) (width 0.12))
    (fp_line (start 0.525 0.27) (end -0.525 0.27) (layer F.Fab) (width 0.1))
    (fp_line (start 0.525 -0.27) (end 0.525 0.27) (layer F.Fab) (width 0.1))
    (fp_line (start -0.525 -0.27) (end 0.525 -0.27) (layer F.Fab) (width 0.1))
    (fp_line (start -0.525 0.27) (end -0.525 -0.27) (layer F.Fab) (width 0.1))
    (fp_text user %R (at 0 0) (layer F.Fab)
      (effects (font (size 0.26 0.26) (thickness 0.04)))
    )
    (pad 2 smd roundrect (at 0.51 0) (size 0.54 0.64) (layers F.Cu F.Paste F.Mask) (roundrect_rratio 0.25)
      (net 2 VDD))
    (pad 1 smd roundrect (at -0.51 0) (size 0.54 0.64) (layers F.Cu F.Paste F.Mask) (roundrect_rratio 0.25)
      (net 67 "Net-(D107-Pad2)"))
    (model ${KISYS3DMOD}/Resistor_SMD.3dshapes/R_0402_1005Metric.wrl
      (at (xyz 0 0 0))
      (scale (xyz 1 1 1))
      (rotate (xyz 0 0 0))
    )
  )

  (module Resistor_SMD:R_0402_1005Metric (layer F.Cu) (tedit 5F68FEEE) (tstamp 5FF8556F)
    (at 142.77 95.58)
    (descr "Resistor SMD 0402 (1005 Metric), square (rectangular) end terminal, IPC_7351 nominal, (Body size source: IPC-SM-782 page 72, https://www.pcb-3d.com/wordpress/wp-content/uploads/ipc-sm-782a_amendment_1_and_2.pdf), generated with kicad-footprint-generator")
    (tags resistor)
    (path /619AF9F9)
    (attr smd)
    (fp_text reference R127 (at 0 -1.17) (layer F.SilkS)
      (effects (font (size 1 1) (thickness 0.15)))
    )
    (fp_text value 100R (at 0 1.17) (layer F.Fab)
      (effects (font (size 1 1) (thickness 0.15)))
    )
    (fp_line (start 0.93 0.47) (end -0.93 0.47) (layer F.CrtYd) (width 0.05))
    (fp_line (start 0.93 -0.47) (end 0.93 0.47) (layer F.CrtYd) (width 0.05))
    (fp_line (start -0.93 -0.47) (end 0.93 -0.47) (layer F.CrtYd) (width 0.05))
    (fp_line (start -0.93 0.47) (end -0.93 -0.47) (layer F.CrtYd) (width 0.05))
    (fp_line (start -0.153641 0.38) (end 0.153641 0.38) (layer F.SilkS) (width 0.12))
    (fp_line (start -0.153641 -0.38) (end 0.153641 -0.38) (layer F.SilkS) (width 0.12))
    (fp_line (start 0.525 0.27) (end -0.525 0.27) (layer F.Fab) (width 0.1))
    (fp_line (start 0.525 -0.27) (end 0.525 0.27) (layer F.Fab) (width 0.1))
    (fp_line (start -0.525 -0.27) (end 0.525 -0.27) (layer F.Fab) (width 0.1))
    (fp_line (start -0.525 0.27) (end -0.525 -0.27) (layer F.Fab) (width 0.1))
    (fp_text user %R (at 0 0) (layer F.Fab)
      (effects (font (size 0.26 0.26) (thickness 0.04)))
    )
    (pad 2 smd roundrect (at 0.51 0) (size 0.54 0.64) (layers F.Cu F.Paste F.Mask) (roundrect_rratio 0.25)
      (net 5 +3V3))
    (pad 1 smd roundrect (at -0.51 0) (size 0.54 0.64) (layers F.Cu F.Paste F.Mask) (roundrect_rratio 0.25)
      (net 66 "Net-(D106-Pad2)"))
    (model ${KISYS3DMOD}/Resistor_SMD.3dshapes/R_0402_1005Metric.wrl
      (at (xyz 0 0 0))
      (scale (xyz 1 1 1))
      (rotate (xyz 0 0 0))
    )
  )

  (module Resistor_SMD:R_0402_1005Metric (layer F.Cu) (tedit 5F68FEEE) (tstamp 5FF8555E)
    (at 142.81 91)
    (descr "Resistor SMD 0402 (1005 Metric), square (rectangular) end terminal, IPC_7351 nominal, (Body size source: IPC-SM-782 page 72, https://www.pcb-3d.com/wordpress/wp-content/uploads/ipc-sm-782a_amendment_1_and_2.pdf), generated with kicad-footprint-generator")
    (tags resistor)
    (path /61CA8328)
    (attr smd)
    (fp_text reference R126 (at 0 -1.17) (layer F.SilkS)
      (effects (font (size 1 1) (thickness 0.15)))
    )
    (fp_text value 100R (at 0 1.17) (layer F.Fab)
      (effects (font (size 1 1) (thickness 0.15)))
    )
    (fp_line (start 0.93 0.47) (end -0.93 0.47) (layer F.CrtYd) (width 0.05))
    (fp_line (start 0.93 -0.47) (end 0.93 0.47) (layer F.CrtYd) (width 0.05))
    (fp_line (start -0.93 -0.47) (end 0.93 -0.47) (layer F.CrtYd) (width 0.05))
    (fp_line (start -0.93 0.47) (end -0.93 -0.47) (layer F.CrtYd) (width 0.05))
    (fp_line (start -0.153641 0.38) (end 0.153641 0.38) (layer F.SilkS) (width 0.12))
    (fp_line (start -0.153641 -0.38) (end 0.153641 -0.38) (layer F.SilkS) (width 0.12))
    (fp_line (start 0.525 0.27) (end -0.525 0.27) (layer F.Fab) (width 0.1))
    (fp_line (start 0.525 -0.27) (end 0.525 0.27) (layer F.Fab) (width 0.1))
    (fp_line (start -0.525 -0.27) (end 0.525 -0.27) (layer F.Fab) (width 0.1))
    (fp_line (start -0.525 0.27) (end -0.525 -0.27) (layer F.Fab) (width 0.1))
    (fp_text user %R (at 0 0) (layer F.Fab)
      (effects (font (size 0.26 0.26) (thickness 0.04)))
    )
    (pad 2 smd roundrect (at 0.51 0) (size 0.54 0.64) (layers F.Cu F.Paste F.Mask) (roundrect_rratio 0.25)
      (net 22 "Net-(J103-Pad5)"))
    (pad 1 smd roundrect (at -0.51 0) (size 0.54 0.64) (layers F.Cu F.Paste F.Mask) (roundrect_rratio 0.25)
      (net 17 DBGUART_RX))
    (model ${KISYS3DMOD}/Resistor_SMD.3dshapes/R_0402_1005Metric.wrl
      (at (xyz 0 0 0))
      (scale (xyz 1 1 1))
      (rotate (xyz 0 0 0))
    )
  )

  (module Resistor_SMD:R_0402_1005Metric (layer F.Cu) (tedit 5F68FEEE) (tstamp 5FF8554D)
    (at 138.76 98.09)
    (descr "Resistor SMD 0402 (1005 Metric), square (rectangular) end terminal, IPC_7351 nominal, (Body size source: IPC-SM-782 page 72, https://www.pcb-3d.com/wordpress/wp-content/uploads/ipc-sm-782a_amendment_1_and_2.pdf), generated with kicad-footprint-generator")
    (tags resistor)
    (path /6034D1DF)
    (attr smd)
    (fp_text reference R125 (at 0 -1.17) (layer F.SilkS)
      (effects (font (size 1 1) (thickness 0.15)))
    )
    (fp_text value 10k (at 0 1.17) (layer F.Fab)
      (effects (font (size 1 1) (thickness 0.15)))
    )
    (fp_line (start 0.93 0.47) (end -0.93 0.47) (layer F.CrtYd) (width 0.05))
    (fp_line (start 0.93 -0.47) (end 0.93 0.47) (layer F.CrtYd) (width 0.05))
    (fp_line (start -0.93 -0.47) (end 0.93 -0.47) (layer F.CrtYd) (width 0.05))
    (fp_line (start -0.93 0.47) (end -0.93 -0.47) (layer F.CrtYd) (width 0.05))
    (fp_line (start -0.153641 0.38) (end 0.153641 0.38) (layer F.SilkS) (width 0.12))
    (fp_line (start -0.153641 -0.38) (end 0.153641 -0.38) (layer F.SilkS) (width 0.12))
    (fp_line (start 0.525 0.27) (end -0.525 0.27) (layer F.Fab) (width 0.1))
    (fp_line (start 0.525 -0.27) (end 0.525 0.27) (layer F.Fab) (width 0.1))
    (fp_line (start -0.525 -0.27) (end 0.525 -0.27) (layer F.Fab) (width 0.1))
    (fp_line (start -0.525 0.27) (end -0.525 -0.27) (layer F.Fab) (width 0.1))
    (fp_text user %R (at 0 0) (layer F.Fab)
      (effects (font (size 0.26 0.26) (thickness 0.04)))
    )
    (pad 2 smd roundrect (at 0.51 0) (size 0.54 0.64) (layers F.Cu F.Paste F.Mask) (roundrect_rratio 0.25)
      (net 1 GND))
    (pad 1 smd roundrect (at -0.51 0) (size 0.54 0.64) (layers F.Cu F.Paste F.Mask) (roundrect_rratio 0.25)
      (net 72 "Net-(R125-Pad1)"))
    (model ${KISYS3DMOD}/Resistor_SMD.3dshapes/R_0402_1005Metric.wrl
      (at (xyz 0 0 0))
      (scale (xyz 1 1 1))
      (rotate (xyz 0 0 0))
    )
  )

  (module Resistor_SMD:R_0402_1005Metric (layer F.Cu) (tedit 5F68FEEE) (tstamp 5FF8535C)
    (at 138.76 96.1)
    (descr "Resistor SMD 0402 (1005 Metric), square (rectangular) end terminal, IPC_7351 nominal, (Body size source: IPC-SM-782 page 72, https://www.pcb-3d.com/wordpress/wp-content/uploads/ipc-sm-782a_amendment_1_and_2.pdf), generated with kicad-footprint-generator")
    (tags resistor)
    (path /6034CEA0)
    (attr smd)
    (fp_text reference R109 (at 0 -1.17) (layer F.SilkS)
      (effects (font (size 1 1) (thickness 0.15)))
    )
    (fp_text value 10k (at 0 1.17) (layer F.Fab)
      (effects (font (size 1 1) (thickness 0.15)))
    )
    (fp_line (start 0.93 0.47) (end -0.93 0.47) (layer F.CrtYd) (width 0.05))
    (fp_line (start 0.93 -0.47) (end 0.93 0.47) (layer F.CrtYd) (width 0.05))
    (fp_line (start -0.93 -0.47) (end 0.93 -0.47) (layer F.CrtYd) (width 0.05))
    (fp_line (start -0.93 0.47) (end -0.93 -0.47) (layer F.CrtYd) (width 0.05))
    (fp_line (start -0.153641 0.38) (end 0.153641 0.38) (layer F.SilkS) (width 0.12))
    (fp_line (start -0.153641 -0.38) (end 0.153641 -0.38) (layer F.SilkS) (width 0.12))
    (fp_line (start 0.525 0.27) (end -0.525 0.27) (layer F.Fab) (width 0.1))
    (fp_line (start 0.525 -0.27) (end 0.525 0.27) (layer F.Fab) (width 0.1))
    (fp_line (start -0.525 -0.27) (end 0.525 -0.27) (layer F.Fab) (width 0.1))
    (fp_line (start -0.525 0.27) (end -0.525 -0.27) (layer F.Fab) (width 0.1))
    (fp_text user %R (at 0 0) (layer F.Fab)
      (effects (font (size 0.26 0.26) (thickness 0.04)))
    )
    (pad 2 smd roundrect (at 0.51 0) (size 0.54 0.64) (layers F.Cu F.Paste F.Mask) (roundrect_rratio 0.25)
      (net 1 GND))
    (pad 1 smd roundrect (at -0.51 0) (size 0.54 0.64) (layers F.Cu F.Paste F.Mask) (roundrect_rratio 0.25)
      (net 71 "Net-(R109-Pad1)"))
    (model ${KISYS3DMOD}/Resistor_SMD.3dshapes/R_0402_1005Metric.wrl
      (at (xyz 0 0 0))
      (scale (xyz 1 1 1))
      (rotate (xyz 0 0 0))
    )
  )

  (module Resistor_SMD:R_0402_1005Metric (layer F.Cu) (tedit 5F68FEEE) (tstamp 5FF8534B)
    (at 142.77 93.59)
    (descr "Resistor SMD 0402 (1005 Metric), square (rectangular) end terminal, IPC_7351 nominal, (Body size source: IPC-SM-782 page 72, https://www.pcb-3d.com/wordpress/wp-content/uploads/ipc-sm-782a_amendment_1_and_2.pdf), generated with kicad-footprint-generator")
    (tags resistor)
    (path /602417C3)
    (attr smd)
    (fp_text reference R108 (at 0 -1.17) (layer F.SilkS)
      (effects (font (size 1 1) (thickness 0.15)))
    )
    (fp_text value 100R (at 0 1.17) (layer F.Fab)
      (effects (font (size 1 1) (thickness 0.15)))
    )
    (fp_line (start 0.93 0.47) (end -0.93 0.47) (layer F.CrtYd) (width 0.05))
    (fp_line (start 0.93 -0.47) (end 0.93 0.47) (layer F.CrtYd) (width 0.05))
    (fp_line (start -0.93 -0.47) (end 0.93 -0.47) (layer F.CrtYd) (width 0.05))
    (fp_line (start -0.93 0.47) (end -0.93 -0.47) (layer F.CrtYd) (width 0.05))
    (fp_line (start -0.153641 0.38) (end 0.153641 0.38) (layer F.SilkS) (width 0.12))
    (fp_line (start -0.153641 -0.38) (end 0.153641 -0.38) (layer F.SilkS) (width 0.12))
    (fp_line (start 0.525 0.27) (end -0.525 0.27) (layer F.Fab) (width 0.1))
    (fp_line (start 0.525 -0.27) (end 0.525 0.27) (layer F.Fab) (width 0.1))
    (fp_line (start -0.525 -0.27) (end 0.525 -0.27) (layer F.Fab) (width 0.1))
    (fp_line (start -0.525 0.27) (end -0.525 -0.27) (layer F.Fab) (width 0.1))
    (fp_text user %R (at 0 0) (layer F.Fab)
      (effects (font (size 0.26 0.26) (thickness 0.04)))
    )
    (pad 2 smd roundrect (at 0.51 0) (size 0.54 0.64) (layers F.Cu F.Paste F.Mask) (roundrect_rratio 0.25)
      (net 17 DBGUART_RX))
    (pad 1 smd roundrect (at -0.51 0) (size 0.54 0.64) (layers F.Cu F.Paste F.Mask) (roundrect_rratio 0.25)
      (net 70 "Net-(R108-Pad1)"))
    (model ${KISYS3DMOD}/Resistor_SMD.3dshapes/R_0402_1005Metric.wrl
      (at (xyz 0 0 0))
      (scale (xyz 1 1 1))
      (rotate (xyz 0 0 0))
    )
  )

  (module Package_TO_SOT_SMD:SOT-23 (layer F.Cu) (tedit 5A02FF57) (tstamp 5FF8525A)
    (at 134.88 99.48)
    (descr "SOT-23, Standard")
    (tags SOT-23)
    (path /605040BB)
    (attr smd)
    (fp_text reference Q102 (at 0 -2.5) (layer F.SilkS)
      (effects (font (size 1 1) (thickness 0.15)))
    )
    (fp_text value AO3400A (at 0 2.5) (layer F.Fab)
      (effects (font (size 1 1) (thickness 0.15)))
    )
    (fp_line (start 0.76 1.58) (end -0.7 1.58) (layer F.SilkS) (width 0.12))
    (fp_line (start 0.76 -1.58) (end -1.4 -1.58) (layer F.SilkS) (width 0.12))
    (fp_line (start -1.7 1.75) (end -1.7 -1.75) (layer F.CrtYd) (width 0.05))
    (fp_line (start 1.7 1.75) (end -1.7 1.75) (layer F.CrtYd) (width 0.05))
    (fp_line (start 1.7 -1.75) (end 1.7 1.75) (layer F.CrtYd) (width 0.05))
    (fp_line (start -1.7 -1.75) (end 1.7 -1.75) (layer F.CrtYd) (width 0.05))
    (fp_line (start 0.76 -1.58) (end 0.76 -0.65) (layer F.SilkS) (width 0.12))
    (fp_line (start 0.76 1.58) (end 0.76 0.65) (layer F.SilkS) (width 0.12))
    (fp_line (start -0.7 1.52) (end 0.7 1.52) (layer F.Fab) (width 0.1))
    (fp_line (start 0.7 -1.52) (end 0.7 1.52) (layer F.Fab) (width 0.1))
    (fp_line (start -0.7 -0.95) (end -0.15 -1.52) (layer F.Fab) (width 0.1))
    (fp_line (start -0.15 -1.52) (end 0.7 -1.52) (layer F.Fab) (width 0.1))
    (fp_line (start -0.7 -0.95) (end -0.7 1.5) (layer F.Fab) (width 0.1))
    (fp_text user %R (at 0 0 90) (layer F.Fab)
      (effects (font (size 0.5 0.5) (thickness 0.075)))
    )
    (pad 3 smd rect (at 1 0) (size 0.9 0.8) (layers F.Cu F.Paste F.Mask)
      (net 69 /ST_OE))
    (pad 2 smd rect (at -1 0.95) (size 0.9 0.8) (layers F.Cu F.Paste F.Mask)
      (net 1 GND))
    (pad 1 smd rect (at -1 -0.95) (size 0.9 0.8) (layers F.Cu F.Paste F.Mask)
      (net 12 +5V))
    (model ${KISYS3DMOD}/Package_TO_SOT_SMD.3dshapes/SOT-23.wrl
      (at (xyz 0 0 0))
      (scale (xyz 1 1 1))
      (rotate (xyz 0 0 0))
    )
  )

  (module Connector_PinHeader_2.54mm:PinHeader_1x02_P2.54mm_Vertical (layer F.Cu) (tedit 59FED5CC) (tstamp 5FF851C9)
    (at 134.98 92.33)
    (descr "Through hole straight pin header, 1x02, 2.54mm pitch, single row")
    (tags "Through hole pin header THT 1x02 2.54mm single row")
    (path /61B5394F)
    (fp_text reference J106 (at 0 -2.33) (layer F.SilkS)
      (effects (font (size 1 1) (thickness 0.15)))
    )
    (fp_text value Conn_01x02 (at 0 4.87) (layer F.Fab)
      (effects (font (size 1 1) (thickness 0.15)))
    )
    (fp_line (start 1.8 -1.8) (end -1.8 -1.8) (layer F.CrtYd) (width 0.05))
    (fp_line (start 1.8 4.35) (end 1.8 -1.8) (layer F.CrtYd) (width 0.05))
    (fp_line (start -1.8 4.35) (end 1.8 4.35) (layer F.CrtYd) (width 0.05))
    (fp_line (start -1.8 -1.8) (end -1.8 4.35) (layer F.CrtYd) (width 0.05))
    (fp_line (start -1.33 -1.33) (end 0 -1.33) (layer F.SilkS) (width 0.12))
    (fp_line (start -1.33 0) (end -1.33 -1.33) (layer F.SilkS) (width 0.12))
    (fp_line (start -1.33 1.27) (end 1.33 1.27) (layer F.SilkS) (width 0.12))
    (fp_line (start 1.33 1.27) (end 1.33 3.87) (layer F.SilkS) (width 0.12))
    (fp_line (start -1.33 1.27) (end -1.33 3.87) (layer F.SilkS) (width 0.12))
    (fp_line (start -1.33 3.87) (end 1.33 3.87) (layer F.SilkS) (width 0.12))
    (fp_line (start -1.27 -0.635) (end -0.635 -1.27) (layer F.Fab) (width 0.1))
    (fp_line (start -1.27 3.81) (end -1.27 -0.635) (layer F.Fab) (width 0.1))
    (fp_line (start 1.27 3.81) (end -1.27 3.81) (layer F.Fab) (width 0.1))
    (fp_line (start 1.27 -1.27) (end 1.27 3.81) (layer F.Fab) (width 0.1))
    (fp_line (start -0.635 -1.27) (end 1.27 -1.27) (layer F.Fab) (width 0.1))
    (fp_text user %R (at 0 1.27 90) (layer F.Fab)
      (effects (font (size 1 1) (thickness 0.15)))
    )
    (pad 2 thru_hole oval (at 0 2.54) (size 1.7 1.7) (drill 1) (layers *.Cu *.Mask)
      (net 1 GND))
    (pad 1 thru_hole rect (at 0 0) (size 1.7 1.7) (drill 1) (layers *.Cu *.Mask)
      (net 68 /SWO))
    (model ${KISYS3DMOD}/Connector_PinHeader_2.54mm.3dshapes/PinHeader_1x02_P2.54mm_Vertical.wrl
      (at (xyz 0 0 0))
      (scale (xyz 1 1 1))
      (rotate (xyz 0 0 0))
    )
  )

  (module LED_SMD:LED_0603_1608Metric (layer F.Cu) (tedit 5F68FEF1) (tstamp 5FF84FDF)
    (at 130 99.35)
    (descr "LED SMD 0603 (1608 Metric), square (rectangular) end terminal, IPC_7351 nominal, (Body size source: http://www.tortai-tech.com/upload/download/2011102023233369053.pdf), generated with kicad-footprint-generator")
    (tags LED)
    (path /61AEABD2)
    (attr smd)
    (fp_text reference D107 (at 0 -1.43) (layer F.SilkS)
      (effects (font (size 1 1) (thickness 0.15)))
    )
    (fp_text value "White 0603" (at 0 1.43) (layer F.Fab)
      (effects (font (size 1 1) (thickness 0.15)))
    )
    (fp_line (start 1.48 0.73) (end -1.48 0.73) (layer F.CrtYd) (width 0.05))
    (fp_line (start 1.48 -0.73) (end 1.48 0.73) (layer F.CrtYd) (width 0.05))
    (fp_line (start -1.48 -0.73) (end 1.48 -0.73) (layer F.CrtYd) (width 0.05))
    (fp_line (start -1.48 0.73) (end -1.48 -0.73) (layer F.CrtYd) (width 0.05))
    (fp_line (start -1.485 0.735) (end 0.8 0.735) (layer F.SilkS) (width 0.12))
    (fp_line (start -1.485 -0.735) (end -1.485 0.735) (layer F.SilkS) (width 0.12))
    (fp_line (start 0.8 -0.735) (end -1.485 -0.735) (layer F.SilkS) (width 0.12))
    (fp_line (start 0.8 0.4) (end 0.8 -0.4) (layer F.Fab) (width 0.1))
    (fp_line (start -0.8 0.4) (end 0.8 0.4) (layer F.Fab) (width 0.1))
    (fp_line (start -0.8 -0.1) (end -0.8 0.4) (layer F.Fab) (width 0.1))
    (fp_line (start -0.5 -0.4) (end -0.8 -0.1) (layer F.Fab) (width 0.1))
    (fp_line (start 0.8 -0.4) (end -0.5 -0.4) (layer F.Fab) (width 0.1))
    (fp_text user %R (at 0 0) (layer F.Fab)
      (effects (font (size 0.4 0.4) (thickness 0.06)))
    )
    (pad 2 smd roundrect (at 0.7875 0) (size 0.875 0.95) (layers F.Cu F.Paste F.Mask) (roundrect_rratio 0.25)
      (net 67 "Net-(D107-Pad2)"))
    (pad 1 smd roundrect (at -0.7875 0) (size 0.875 0.95) (layers F.Cu F.Paste F.Mask) (roundrect_rratio 0.25)
      (net 1 GND))
    (model ${KISYS3DMOD}/LED_SMD.3dshapes/LED_0603_1608Metric.wrl
      (at (xyz 0 0 0))
      (scale (xyz 1 1 1))
      (rotate (xyz 0 0 0))
    )
  )

  (module LED_SMD:LED_0603_1608Metric (layer F.Cu) (tedit 5F68FEF1) (tstamp 5FF84FCC)
    (at 139.35 91.3)
    (descr "LED SMD 0603 (1608 Metric), square (rectangular) end terminal, IPC_7351 nominal, (Body size source: http://www.tortai-tech.com/upload/download/2011102023233369053.pdf), generated with kicad-footprint-generator")
    (tags LED)
    (path /61997FE9)
    (attr smd)
    (fp_text reference D106 (at 0 -1.43) (layer F.SilkS)
      (effects (font (size 1 1) (thickness 0.15)))
    )
    (fp_text value "White 0603" (at 0 1.43) (layer F.Fab)
      (effects (font (size 1 1) (thickness 0.15)))
    )
    (fp_line (start 1.48 0.73) (end -1.48 0.73) (layer F.CrtYd) (width 0.05))
    (fp_line (start 1.48 -0.73) (end 1.48 0.73) (layer F.CrtYd) (width 0.05))
    (fp_line (start -1.48 -0.73) (end 1.48 -0.73) (layer F.CrtYd) (width 0.05))
    (fp_line (start -1.48 0.73) (end -1.48 -0.73) (layer F.CrtYd) (width 0.05))
    (fp_line (start -1.485 0.735) (end 0.8 0.735) (layer F.SilkS) (width 0.12))
    (fp_line (start -1.485 -0.735) (end -1.485 0.735) (layer F.SilkS) (width 0.12))
    (fp_line (start 0.8 -0.735) (end -1.485 -0.735) (layer F.SilkS) (width 0.12))
    (fp_line (start 0.8 0.4) (end 0.8 -0.4) (layer F.Fab) (width 0.1))
    (fp_line (start -0.8 0.4) (end 0.8 0.4) (layer F.Fab) (width 0.1))
    (fp_line (start -0.8 -0.1) (end -0.8 0.4) (layer F.Fab) (width 0.1))
    (fp_line (start -0.5 -0.4) (end -0.8 -0.1) (layer F.Fab) (width 0.1))
    (fp_line (start 0.8 -0.4) (end -0.5 -0.4) (layer F.Fab) (width 0.1))
    (fp_text user %R (at 0 0) (layer F.Fab)
      (effects (font (size 0.4 0.4) (thickness 0.06)))
    )
    (pad 2 smd roundrect (at 0.7875 0) (size 0.875 0.95) (layers F.Cu F.Paste F.Mask) (roundrect_rratio 0.25)
      (net 66 "Net-(D106-Pad2)"))
    (pad 1 smd roundrect (at -0.7875 0) (size 0.875 0.95) (layers F.Cu F.Paste F.Mask) (roundrect_rratio 0.25)
      (net 1 GND))
    (model ${KISYS3DMOD}/LED_SMD.3dshapes/LED_0603_1608Metric.wrl
      (at (xyz 0 0 0))
      (scale (xyz 1 1 1))
      (rotate (xyz 0 0 0))
    )
  )

  (module LED_SMD:LED_0603_1608Metric (layer F.Cu) (tedit 5F68FEF1) (tstamp 5FF84FB9)
    (at 125.95 99.35)
    (descr "LED SMD 0603 (1608 Metric), square (rectangular) end terminal, IPC_7351 nominal, (Body size source: http://www.tortai-tech.com/upload/download/2011102023233369053.pdf), generated with kicad-footprint-generator")
    (tags LED)
    (path /6187AA18)
    (attr smd)
    (fp_text reference D105 (at 0 -1.43) (layer F.SilkS)
      (effects (font (size 1 1) (thickness 0.15)))
    )
    (fp_text value "White 0603" (at 0 1.43) (layer F.Fab)
      (effects (font (size 1 1) (thickness 0.15)))
    )
    (fp_line (start 1.48 0.73) (end -1.48 0.73) (layer F.CrtYd) (width 0.05))
    (fp_line (start 1.48 -0.73) (end 1.48 0.73) (layer F.CrtYd) (width 0.05))
    (fp_line (start -1.48 -0.73) (end 1.48 -0.73) (layer F.CrtYd) (width 0.05))
